 1 0.5161290322580645 8
 10 0.25 12
 100 0.27419354838709675 8
 1000 0.0 3
 10000 0.0 12
 100000 0.16666666666666666 4
 1000000 0.0 1
 10000000 1!
 10000001 0.0 0
 100000011 0.0 0
 1000000111 0.0 0
 10000001111 0!
 1000001 0.4061330435832428 0
 10000010 0.17391304347826086 13
 100000100 0.0 7
 1000001000 0.6 9
 10000010000 0!
 10000010001 1!
 1000001001 0.0 11
 10000010010 1!
 10000010011 0!
 100000101 0.0 15
 1000001010 0.8333333333333334 4
 10000010100 1!
 10000010101 0!
 1000001011 1!
 10000011 1!
 100001 0.1935483870967742 8
 1000010 0.0 11
 10000100 0.11290322580645161 8
 100001000 0.3406978148014005 0
 1000010000 0.13043478260869565 13
 10000100000 0!
 10000100001 0!
 1000010001 0.0 0
 10000100011 0!
 100001001 0.03333333333333333 5
 1000010010 0.2587226850175058 0
 10000100100 0!
 10000100101 0!
 1000010011 0.0 14
 10000100110 0!
 10000100111 0!
 10000101 0.3848847036098032 0
 100001010 0.0 10
 1000010100 0!
 1000010101 0.13043478260869565 13
 10000101010 1!
 10000101011 0!
 100001011 1!
 1000011 0.0 14
 10000110 0.0 15
 100001100 0.1256791017747193 0
 1000011000 0!
 1000011001 0.37546782566702885 0
 10000110010 0!
 10000110011 0!
 100001101 1!
 10000111 0.20813714837619224 0
 100001110 0.0 2
 1000011100 0.0 9
 10000111000 0!
 10000111001 0!
 1000011101 0!
 100001111 0.39369793553060484 0
 1000011110 0.35711698659905833 0
 10000111100 0!
 10000111101 0!
 1000011111 1!
 10001 0.19703006157189426 0
 100010 0.0 0
 1000101 0.0 0
 10001011 0.0 0
 100010111 0.0 0
 1000101111 0.0 0
 10001011111 1!
 100011 0.0 4
 1000110 1!
 1000111 0.0 12
 10001110 1!
 10001111 0.2700712302305928 0
 100011110 1!
 100011111 0!
 1001 0.0 3
 10010 0.0 15
 100100 0.0 12
 1001000 0.3548387096774194 8
 10010000 0.13847639744054085 0
 100100000 1!
 100100001 0.6 9
 1001000010 0.3263310394784498 0
 10010000100 0!
 10010000101 0!
 1001000011 1!
 10010001 0.34782608695652173 13
 100100010 0.21043100325968853 0
 1001000100 0.0 9
 10010001000 1!
 10010001001 0!
 1001000101 0.0 14
 10010001010 1!
 10010001011 1!
 100100011 0.0 0
 1001000111 0.0 0
 10010001111 1!
 1001001 0.0 10
 10010010 0.0 14
 100100100 0.7666666666666667 4
 1001001000 0.2608695652173913 13
 10010010000 1!
 10010010001 1!
 1001001001 0.0 0
 10010010011 1!
 100100101 0.0 9
 1001001010 0.4906434866594229 0
 10010010100 1!
 10010010101 0!
 1001001011 0.17391304347826086 13
 10010010110 1!
 10010010111 0!
 10010011 0.0 1
 100100110 0.391304347826087 13
 1001001100 0.3053241579137994 0
 10010011000 1!
 10010011001 0!
 1001001101 0.3548387096774194 8
 10010011010 0!
 10010011011 1!
 100100111 0.0 7
 1001001110 0.3029095738259085 0
 10010011100 0!
 10010011101 0!
 1001001111 0.3 4
 10010011110 0!
 10010011111 1!
 100101 0.14113243993722083 0
 1001010 0.0 0
 10010101 0.0 0
 100101011 0.0 0
 1001010111 0.0 0
 10010101111 1!
 1001011 0.15537848605577692 0
 10010110 0!
 10010111 0.3548387096774194 8
 100101110 0.30399613666545944 0
 1001011100 0.0 7
 10010111000 0!
 10010111001 1!
 1001011101 1!
 100101111 0.0 12
 1001011110 0.21739130434782608 13
 10010111100 1!
 10010111101 1!
 1001011111 0.26548352046360013 0
 10010111110 1!
 10010111111 1!
 10011 0.0 7
 100110 0.0 10
 1001100 0.0 12
 10011000 0.0 0
 100110001 0.0 0
 1001100011 0.0 0
 10011000111 1!
 10011001 0.0 11
 100110010 0.0 0
 1001100101 0.0 0
 10011001011 1!
 100110011 0.3548387096774194 8
 1001100110 0!
 1001100111 0.0 4
 10011001110 1!
 10011001111 1!
 1001101 0.10080888566944346 0
 10011010 1!
 10011011 0.11010503440782327 0
 100110110 0!
 100110111 0.14197754436798263 0
 1001101110 1!
 1001101111 0.0 15
 10011011110 1!
 10011011111 1!
 100111 0.0 9
 1001110 0.3548387096774194 8
 10011100 1!
 10011101 0.0 0
 100111011 0.0 0
 1001110111 0.0 0
 10011101111 1!
 1001111 0.2608695652173913 13
 10011110 0.6666666666666666 5
 100111100 0.5666666666666667 5
 1001111000 0.19678860316310517 0
 10011110000 1!
 10011110001 1!
 1001111001 0!
 100111101 1!
 10011111 0.0 0
 100111111 0.0 0
 1001111111 0.0 0
 10011111111 1!
 101 0.0 3
 1010 0.3548387096774194 8
 10100 0.0 1
 101000 0.17391304347826086 13
 1010000 0.27419354838709675 8
 10100000 0.1 4
 101000000 0.3333333333333333 5
 1010000000 0.11290322580645161 8
 10100000000 0!
 10100000001 0!
 1010000001 0.0 10
 10100000010 1!
 10100000011 0!
 101000001 0.2965109259929977 0
 1010000010 0.21755402631896656 0
 10100000100 0!
 10100000101 0!
 1010000011 1!
 10100001 0.2862489436194615 0
 101000010 0.15791379934806232 0
 1010000100 0.8 9
 10100001000 0!
 10100001001 1!
 1010000101 0.0 10
 10100001010 1!
 10100001011 0!
 101000011 0.0 5
 1010000110 0!
 1010000111 0!
 1010001 0.5 12
 10100010 0.27419354838709675 8
 101000100 0.22685017505734636 0
 1010001000 0.22117590245080285 0
 10100010000 0!
 10100010001 0!
 1010001001 0.37462272123626705 0
 10100010010 0!
 10100010011 0!
 101000101 0.03333333333333333 4
 1010001010 0.0 10
 10100010100 0!
 10100010101 0!
 1010001011 0.21739130434782608 13
 10100010110 1!
 10100010111 0!
 10100011 0.17421224194132562 0
 101000110 0.03333333333333333 4
 1010001100 0.15429192321622603 0
 10100011000 0!
 10100011001 0!
 1010001101 0.0 16
 10100011010 1!
 10100011011 0!
 101000111 0.17433297114572016 0
 1010001110 1!
 1010001111 0.11290322580645161 8
 10100011110 0!
 10100011111 0!
 101001 0.06666666666666667 4
 1010010 0.5 12
 10100100 0.0 6
 101001000 0.11290322580645161 8
 1010010000 0.06869491730049501 0
 10100100000 0!
 10100100001 0!
 1010010001 0.03333333333333333 4
 10100100010 0!
 10100100011 0!
 101001001 0.0 14
 1010010010 0!
 1010010011 0.15694796571290595 0
 10100100110 1!
 10100100111 0!
 10100101 0.4 9
 101001010 0.17391304347826086 13
 1010010100 0.0 10
 10100101000 1!
 10100101001 0!
 1010010101 0.20777496076300858 0
 10100101010 0!
 10100101011 0!
 101001011 0.8333333333333334 5
 1010010110 0.0 5
 10100101100 0!
 10100101101 0!
 1010010111 0.11290322580645161 8
 10100101110 0!
 10100101111 0!
 1010011 0.27419354838709675 8
 10100110 0.0 15
 101001100 0.13043478260869565 13
 1010011000 0.1146927441748159 0
 10100110000 0!
 10100110001 0!
 1010011001 0.2 9
 10100110010 0!
 10100110011 0!
 101001101 1!
 10100111 0.4666666666666667 5
 101001110 0.16636484365568033 0
 1010011100 0.0 14
 10100111000 0!
 10100111001 0!
 1010011101 0.13333333333333333 4
 10100111010 0!
 10100111011 0!
 101001111 0.17391304347826086 13
 1010011110 1!
 1010011111 0.0 14
 10100111110 0!
 10100111111 1!
 10101 0.5 12
 101010 0.0 1
 1010100 0.43548387096774194 8
 10101000 0.30434782608695654 13
 101010000 0.2232282989255101 0
 1010100000 0.0 6
 10101000000 0!
 10101000001 1!
 1010100001 0.0 5
 10101000010 0!
 10101000011 0!
 101010001 0.0 10
 1010100010 0!
 1010100011 0.1763853676204274 0
 10101000110 0!
 10101000111 0!
 10101001 0.0 6
 101010010 0.17391304347826086 13
 1010100100 0.0 10
 10101001000 1!
 10101001001 1!
 1010100101 0.4778461909936013 0
 10101001010 0!
 10101001011 1!
 101010011 0.4178437764095135 0
 1010100110 0.05456960038633345 0
 10101001100 0!
 10101001101 1!
 1010100111 0!
 1010101 0.0 7
 10101010 0.17391304347826086 13
 101010100 0.0 15
 1010101000 0.2 9
 10101010000 0!
 10101010001 0!
 1010101001 1!
 101010101 0.5080284920922371 0
 1010101010 0.23333333333333334 5
 10101010100 0!
 10101010101 0!
 1010101011 1!
 10101011 0.0 6
 101010110 0.43548387096774194 8
 1010101100 0.3327296873113606 0
 10101011000 0!
 10101011001 0!
 1010101101 0.3333333333333333 10
 10101011010 0!
 10101011011 1!
 101010111 0.21018954485089944 0
 1010101110 0.21739130434782608 13
 10101011100 1!
 10101011101 0!
 1010101111 0.0 10
 10101011110 1!
 10101011111 0!
 101011 0.0 7
 1010110 0.43548387096774194 8
 10101100 0.3333333333333333 10
 101011000 0.30434782608695654 13
 1010110000 0.17391304347826086 13
 10101100000 0!
 10101100001 0!
 1010110001 0.0 14
 10101100010 0!
 10101100011 0!
 101011001 0.28359290112278157 0
 1010110010 0.1 5
 10101100100 0!
 10101100101 0!
 1010110011 1!
 10101101 0.7 4
 101011010 0.0 1
 1010110100 0.0 9
 10101101000 0!
 10101101001 0!
 1010110101 0.16666666666666666 5
 10101101010 0!
 10101101011 0!
 101011011 0.0 1
 1010110110 1!
 1010110111 0!
 1010111 0.0 6
 10101110 0.43548387096774194 8
 101011100 0.25172039116262224 0
 1010111000 0.06666666666666667 5
 10101110000 0!
 10101110001 0!
 1010111001 0.0 1
 10101110010 0!
 10101110011 0!
 101011101 0.0 1
 1010111010 0.5 4
 10101110100 0!
 10101110101 1!
 1010111011 0.23300736448146808 0
 10101110110 0!
 10101110111 0!
 10101111 0.0 10
 101011110 1!
 101011111 0.3964747072316794 0
 1010111110 0.30434782608695654 13
 10101111100 0!
 10101111101 0!
 1010111111 1!
 1011 0.5 5
 10110 0.06666666666666667 5
 101100 0.0 6
 1011000 0.43548387096774194 8
 10110000 0.0 1
 101100000 0.25667028854279855 0
 1011000000 0.23662924061330437 0
 10110000000 1!
 10110000001 0!
 1011000001 1!
 101100001 0.11290322580645161 8
 1011000010 0.2 9
 10110000100 1!
 10110000101 1!
 1011000011 0.0 0
 10110000111 1!
 10110001 0.14934202583604975 0
 101100010 0.141615356754799 0
 1011000100 1!
 1011000101 0!
 101100011 0.1702281781963057 0
 1011000110 1!
 1011000111 0.0 14
 10110001110 0!
 10110001111 1!
 1011001 0.3406978148014005 0
 10110010 0.0 0
 101100101 0.0 0
 1011001011 0.0 0
 10110010111 1!
 10110011 1!
 101101 0.3548387096774194 8
 1011010 0.23333333333333334 4
 10110100 0.11290322580645161 8
 101101000 1!
 101101001 0.3333333333333333 10
 1011010010 0.0 6
 10110100100 0!
 10110100101 0!
 1011010011 1!
 10110101 1!
 1011011 0.0 7
 10110110 0.252324037184595 0
 101101100 0.2299891343716045 0
 1011011000 0!
 1011011001 1!
 101101101 0!
 10110111 0.0 11
 101101110 0.0 0
 1011011101 0.0 0
 10110111011 1!
 101101111 1!
 10111 0.24073403356271883 0
 101110 0.0 0
 1011101 0.0 0
 10111011 0.0 0
 101110111 0.0 0
 1011101111 0.0 0
 10111011111 1!
 101111 0.263672582397682 0
 1011110 0!
 1011111 1!
 11 0.5 12
 110 0.25 12
 1100 0.0 3
 11000 0.7580645161290323 8
 110000 0.0 7
 1100000 0.0 15
 11000000 0.0 12
 110000000 0.0 10
 1100000000 0.4666666666666667 4
 11000000000 1!
 11000000001 1!
 1100000001 0.41893033924906437 0
 11000000010 1!
 11000000011 1!
 110000001 0.0 1
 1100000010 0.0 9
 11000000100 1!
 11000000101 1!
 1100000011 0.0 14
 11000000110 1!
 11000000111 1!
 11000001 0.11396836894844865 0
 110000010 0.0 10
 1100000100 0!
 1100000101 0.09018471568272364 0
 11000001010 1!
 11000001011 0!
 110000011 0.5652173913043478 13
 1100000110 0.3333333333333333 10
 11000001100 1!
 11000001101 1!
 1100000111 0!
 1100001 0.0 15
 11000010 0.06666666666666667 4
 110000100 0.17391304347826086 13
 1100001000 0.262344561149342 0
 11000010000 1!
 11000010001 1!
 1100001001 0.5304841241096221 0
 11000010010 1!
 11000010011 0!
 110000101 0.0569841844742243 0
 1100001010 0!
 1100001011 0.0 1
 11000010110 1!
 11000010111 1!
 11000011 0.0 6
 110000110 0.06666666666666667 5
 1100001100 0.42834721719183877 0
 11000011000 1!
 11000011001 0!
 1100001101 0.1 5
 11000011010 0!
 11000011011 1!
 110000111 0.3333333333333333 5
 1100001110 0.35409875648919475 0
 11000011100 1!
 11000011101 1!
 1100001111 0.0 0
 11000011111 1!
 110001 0.0 7
 1100010 0.0 15
 11000100 0.0 12
 110001000 0.0 11
 1100010000 0.5 5
 11000100000 1!
 11000100001 1!
 1100010001 0.4 4
 11000100010 1!
 11000100011 1!
 110001001 0.03333333333333333 4
 1100010010 0.0 1
 11000100100 1!
 11000100101 1!
 1100010011 0.8387096774193549 8
 11000100110 1!
 11000100111 1!
 11000101 0.1 4
 110001010 0.060243872992877 0
 1100010100 0!
 1100010101 0.0 12
 11000101010 1!
 11000101011 1!
 110001011 0.03333333333333333 5
 1100010110 0.16141494627550407 0
 11000101100 1!
 11000101101 1!
 1100010111 0.2608695652173913 13
 11000101110 1!
 11000101111 1!
 1100011 0.0 12
 11000110 0.0 14
 110001100 0.3504768803573584 0
 1100011000 0.16672703126886393 0
 11000110000 1!
 11000110001 1!
 1100011001 1!
 110001101 0.31377520222141736 0
 1100011010 0.5652173913043478 13
 11000110100 1!
 11000110101 0!
 1100011011 0.0 0
 11000110111 1!
 11000111 0.10744899191114334 0
 110001110 0.8 9
 1100011100 0.8333333333333334 4
 11000111000 1!
 11000111001 1!
 1100011101 0!
 110001111 0.2 9
 1100011110 0.11940118314620307 0
 11000111100 1!
 11000111101 1!
 1100011111 0.0 6
 11000111110 1!
 11000111111 1!
 11001 0.0 7
 110010 0.6774193548387096 8
 1100100 0.17391304347826086 13
 11001000 0.19678860316310517 0
 110010000 0.1449957744778462 0
 1100100000 0.0 10
 11001000000 1!
 11001000001 0!
 1100100001 0.0 0
 11001000011 1!
 110010001 0.2122419413256067 0
 1100100010 0!
 1100100011 0.23819872027043343 0
 11001000110 1!
 11001000111 1!
 11001001 0.34782608695652173 13
 110010010 0.26801883375588553 0
 1100100100 0.0 6
 11001001000 1!
 11001001001 1!
 1100100101 0.28033321260412897 0
 11001001010 0!
 11001001011 1!
 110010011 0.0 0
 1100100111 0.0 0
 11001001111 1!
 1100101 0.2 9
 11001010 0.3333333333333333 4
 110010100 0.08173367137510563 0
 1100101000 0!
 1100101001 0.13618254255704457 0
 11001010010 1!
 11001010011 1!
 110010101 0.0 15
 1100101010 0.8387096774193549 8
 11001010100 1!
 11001010101 1!
 1100101011 0.0 16
 11001010110 1!
 11001010111 1!
 11001011 0.0 0
 110010111 0.0 0
 1100101111 0.0 0
 11001011111 1!
 110011 0.17391304347826086 13
 1100110 0.16666666666666666 5
 11001100 0.0 4
 110011000 0.2429071592418206 0
 1100110000 0.0 0
 11001100001 1!
 1100110001 1!
 110011001 0.0 0
 1100110011 0.0 0
 11001100111 1!
 11001101 0.9333333333333333 4
 110011010 0.0 0
 1100110101 0.0 0
 11001101011 1!
 110011011 0.2 5
 1100110110 0!
 1100110111 0.0 14
 11001101110 1!
 11001101111 1!
 1100111 0.07521429433780032 0
 11001110 1!
 11001111 0.7580645161290323 8
 110011110 0.2689846673910419 0
 1100111100 0.14089098152843174 0
 11001111000 1!
 11001111001 1!
 1100111101 0.2879391524809851 0
 11001111010 1!
 11001111011 1!
 110011111 0.19811662441144515 0
 1100111110 0.19678860316310517 0
 11001111100 1!
 11001111101 0!
 1100111111 0.2608695652173913 13
 11001111110 1!
 11001111111 1!
 1101 0.7580645161290323 8
 11010 0.0 7
 110100 0.0 3
 1101000 0.0 10
 11010000 0.0 1
 110100000 0.34782608695652173 13
 1101000000 0.0 11
 11010000000 1!
 11010000001 1!
 1101000001 1!
 110100001 0.0 15
 1101000010 0.5 4
 11010000100 0!
 11010000101 1!
 1101000011 0.4724133767958469 0
 11010000110 1!
 11010000111 0!
 11010001 0.0 6
 110100010 0.3333333333333333 5
 1101000100 0.0 4
 11010001000 0!
 11010001001 0!
 1101000101 0.5967741935483871 8
 11010001010 0!
 11010001011 1!
 110100011 0.0 1
 1101000110 0.3333333333333333 5
 11010001100 1!
 11010001101 1!
 1101000111 0.2 9
 11010001110 0!
 11010001111 0!
 1101001 0.3303151032234698 0
 11010010 0.10443076180127976 0
 110100100 0.0 0
 1101001001 0.0 0
 11010010011 1!
 110100101 0.03333333333333333 4
 1101001010 0.30399613666545944 0
 11010010100 1!
 11010010101 0!
 1101001011 0.1346130628999155 0
 11010010110 0!
 11010010111 1!
 11010011 0.0 0
 110100111 0.0 0
 1101001111 0.0 0
 11010011111 1!
 110101 0.0 3
 1101010 0.5967741935483871 8
 11010100 0.0 10
 110101000 0.0 2
 1101010000 0.32017385005432814 0
 11010100000 1!
 11010100001 1!
 1101010001 0.0 9
 11010100010 0!
 11010100011 1!
 110101001 0.0 9
 1101010010 0.1449957744778462 0
 11010100100 0!
 11010100101 1!
 1101010011 0.31377520222141736 0
 11010100110 0!
 11010100111 1!
 11010101 0.1719183870578293 0
 110101010 0.34782608695652173 13
 1101010100 0.10068815646504889 0
 11010101000 0!
 11010101001 1!
 1101010101 0.6086956521739131 13
 11010101010 1!
 11010101011 0!
 110101011 0.0 10
 1101010110 0.21739130434782608 13
 11010101100 1!
 11010101101 1!
 1101010111 0.0 1
 11010101110 1!
 11010101111 1!
 1101011 0.4 9
 11010110 0.3333333333333333 10
 110101100 0.17391304347826086 13
 1101011000 0.0 0
 11010110001 1!
 1101011001 0.0 11
 11010110010 1!
 11010110011 1!
 110101101 0!
 11010111 0.0 2
 110101110 0.0 0
 1101011101 0.0 0
 11010111011 1!
 110101111 0!
 11011 0.0 7
 110110 0.0 3
 1101100 0.9193548387096774 8
 11011000 0.0 15
 110110000 0.0 10
 1101100000 0.10080888566944346 0
 11011000000 1!
 11011000001 1!
 1101100001 0.0 16
 11011000010 1!
 11011000011 1!
 110110001 0.6666666666666666 5
 1101100010 0.03333333333333333 5
 11011000100 1!
 11011000101 1!
 1101100011 1!
 11011001 0.0 15
 110110010 0.16624411445128576 0
 1101100100 0.1657611976337076 0
 11011001000 1!
 11011001001 0!
 1101100101 0.16666666666666666 4
 11011001010 1!
 11011001011 1!
 110110011 0.13545816733067728 0
 1101100110 0.0 0
 11011001101 1!
 1101100111 0.26343112398889296 0
 11011001110 1!
 11011001111 1!
 1101101 0.0 9
 11011010 0.22805746710129182 0
 110110100 0.21755402631896656 0
 1101101000 0.21646746347941567 0
 11011010000 1!
 11011010001 0!
 1101101001 0.0 0
 11011010011 1!
 110110101 0.2677773753470965 0
 1101101010 0.0 15
 11011010100 1!
 11011010101 1!
 1101101011 0.0 1
 11011010110 1!
 11011010111 1!
 11011011 0.33707593866956415 0
 110110110 0.6 9
 1101101100 0.0 1
 11011011000 1!
 11011011001 1!
 1101101101 0.23333333333333334 4
 11011011010 1!
 11011011011 0!
 110110111 0!
 110111 0.0 9
 1101110 0.0 1
 11011100 0.0 15
 110111000 0.3095496800676083 0
 1101110000 0.0 3
 11011100000 1!
 11011100001 1!
 1101110001 0.4856935892792467 0
 11011100010 1!
 11011100011 0!
 110111001 0.3333333333333333 5
 1101110010 0.1752988047808765 0
 11011100100 1!
 11011100101 1!
 1101110011 0!
 11011101 0.8387096774193549 8
 110111010 0.03333333333333333 4
 1101110100 0.2569117469515876 0
 11011101000 1!
 11011101001 1!
 1101110101 0.13043478260869565 13
 11011101010 0!
 11011101011 1!
 110111011 0.17831703489074008 0
 1101110110 0.3333333333333333 4
 11011101100 1!
 11011101101 0!
 1101110111 0.0 3
 11011101110 1!
 11011101111 1!
 1101111 0.0 10
 11011110 0.8 9
 110111100 0.0 6
 1101111000 0.0 3
 11011110000 1!
 11011110001 1!
 1101111001 0.0 0
 11011110011 1!
 110111101 0.0 3
 1101111010 0.03333333333333333 4
 11011110100 0!
 11011110101 1!
 1101111011 1!
 11011111 0.20137631293009778 0
 110111110 0.12229868405167209 0
 1101111100 0.10358565737051795 0
 11011111000 0!
 11011111001 1!
 1101111101 0.1853193287456236 0
 11011111010 1!
 11011111011 0!
 110111111 0.0 2
 1101111110 0.2134492333695521 0
 11011111100 1!
 11011111101 1!
 1101111111 0!
 111 0.7580645161290323 8
 1110 0.0 7
 11100 0.0 3
 111000 0.0 10
 1110000 0.0 6
 11100000 0.14789327538331523 0
 111000000 0.11541711940118313 0
 1110000000 0.11493420258360497 0
 11100000000 0!
 11100000001 1!
 1110000001 0.0 0
 11100000011 0!
 111000001 0.08695652173913043 13
 1110000010 1!
 1110000011 0.0 2
 11100000110 0!
 11100000111 0!
 11100001 0.29542436315344683 0
 111000010 0.0 11
 1110000100 0.17391304347826086 13
 11100001000 1!
 11100001001 1!
 1110000101 1!
 111000011 0.13043478260869565 13
 1110000110 1!
 1110000111 0!
 1110001 0.75 12
 11100010 0.16056984184474227 0
 111000100 0.0 1
 1110001000 0.4666666666666667 5
 11100010000 0!
 11100010001 0!
 1110001001 0.6774193548387096 8
 11100010010 0!
 11100010011 0!
 111000101 0.30434782608695654 13
 1110001010 0.31377520222141736 0
 11100010100 0!
 11100010101 0!
 1110001011 0.16666666666666666 5
 11100010110 0!
 11100010111 1!
 11100011 0.21646746347941567 0
 111000110 0.391304347826087 13
 1110001100 0.20367016781359412 0
 11100011000 0!
 11100011001 0!
 1110001101 1!
 111000111 0.6 9
 1110001110 0.0 16
 11100011100 1!
 11100011101 0!
 1110001111 1!
 111001 0.0 9
 1110010 0.21739130434782608 13
 11100100 0.1 5
 111001000 0.5967741935483871 8
 1110010000 0!
 1110010001 0.0 0
 11100100011 1!
 111001001 0!
 11100101 0.3333333333333333 5
 111001010 0.0799227333091875 0
 1110010100 1!
 1110010101 0.12109139200772669 0
 11100101010 0!
 11100101011 0!
 111001011 0!
 1110011 0.6774193548387096 8
 11100110 0.0 0
 111001101 0.0 0
 1110011011 0.0 0
 11100110111 1!
 11100111 1!
 11101 0.0 10
 111010 0.0 3
 1110100 0.0 1
 11101000 0.24218278401545332 0
 111010000 0.17391304347826086 13
 1110100000 0.0 15
 11101000000 0!
 11101000001 1!
 1110100001 0.2 5
 11101000010 1!
 11101000011 1!
 111010001 0.1 5
 1110100010 0.4 9
 11101000100 1!
 11101000101 0!
 1110100011 0!
 11101001 0.2 5
 111010010 0.0 15
 1110100100 0.5967741935483871 8
 11101001000 0!
 11101001001 1!
 1110100101 0.19787516600265606 0
 11101001010 0!
 11101001011 1!
 111010011 1!
 1110101 0.0 6
 11101010 0.0 0
 111010101 0.0 0
 1110101011 0.0 0
 11101010111 1!
 11101011 0.0 1
 111010110 1!
 111010111 1!
 111011 0.6774193548387096 8
 1110110 0.0 1
 11101100 0.0 3
 111011000 0.75 12
 1110110000 0.4666666666666667 5
 11101100000 0!
 11101100001 1!
 1110110001 0.8 9
 11101100010 0!
 11101100011 1!
 111011001 0.21739130434782608 13
 1110110010 1!
 1110110011 0.21417360859591938 0
 11101100110 1!
 11101100111 1!
 11101101 0.5967741935483871 8
 111011010 0.75 12
 1110110100 0.0 3
 11101101000 0!
 11101101001 1!
 1110110101 0.3333333333333333 10
 11101101010 0!
 11101101011 1!
 111011011 0.0 6
 1110110110 0.18230109863576002 0
 11101101100 0!
 11101101101 0!
 1110110111 0.0 16
 11101101110 1!
 11101101111 1!
 1110111 0.75 12
 11101110 0.14934202583604975 0
 111011100 0.0 6
 1110111000 0.1 5
 11101110000 0!
 11101110001 0!
 1110111001 1!
 111011101 0.0 1
 1110111010 0.0 5
 11101110100 1!
 11101110101 1!
 1110111011 0.18350839067970542 0
 11101110110 1!
 11101110111 0!
 11101111 0.34528552456839307 0
 111011110 0.0 15
 1110111100 0.0 14
 11101111000 1!
 11101111001 0!
 1110111101 1!
 111011111 1!
 1111 0.0 7
 11110 0.0 10
 111100 0.5 4
 1111000 0.8387096774193549 8
 11110000 0.0 2
 111100000 0.0 9
 1111000000 0.17578172159845465 0
 11110000000 1!
 11110000001 0!
 1111000001 0.16612338524689124 0
 11110000010 0!
 11110000011 0!
 111100001 0!
 11110001 0.30399613666545944 0
 111100010 0.1 4
 1111000100 0.4 9
 11110001000 1!
 11110001001 1!
 1111000101 0.0 2
 11110001010 1!
 11110001011 0!
 111100011 0.23333333333333334 4
 1111000110 0.0 0
 11110001101 1!
 1111000111 0!
 1111001 0.0 0
 11110011 0.0 0
 111100111 0.0 0
 1111001111 0.0 0
 11110011111 1!
 111101 0.0 3
 1111010 0.9193548387096774 8
 11110100 0.75 12
 111101000 0.6666666666666666 5
 1111010000 0.0 15
 11110100000 0!
 11110100001 1!
 1111010001 0.17505734637208742 0
 11110100010 1!
 11110100011 1!
 111101001 0.1 4
 1111010010 0.0 16
 11110100100 0!
 11110100101 0!
 1111010011 0.14861765060968246 0
 11110100110 0!
 11110100111 1!
 11110101 0.1 4
 111101010 0.17391304347826086 13
 1111010100 0.4 9
 11110101000 1!
 11110101001 0!
 1111010101 0.0 16
 11110101010 1!
 11110101011 0!
 111101011 0.0 15
 1111010110 0.20849933598937584 0
 11110101100 1!
 11110101101 0!
 1111010111 1!
 1111011 0.30434782608695654 13
 11110110 0.20717131474103587 0
 111101100 0.8387096774193549 8
 1111011000 0.1657611976337076 0
 11110110000 0!
 11110110001 0!
 1111011001 0.2056018350839068 0
 11110110010 1!
 11110110011 0!
 111101101 0.2293854883496318 0
 1111011010 0.0 0
 11110110101 1!
 1111011011 0.75 12
 11110110110 0!
 11110110111 1!
 11110111 0.0 11
 111101110 0.0 0
 1111011101 0.0 0
 11110111011 1!
 111101111 0.0 1
 1111011110 0.1666063020644694 0
 11110111100 1!
 11110111101 1!
 1111011111 0!
 11111 0.75 12
 111110 0.0 10
 1111100 0.9193548387096774 8
 11111000 0.17391304347826086 13
 111110000 0.0 0
 1111100001 0.0 0
 11111000011 1!
 111110001 0.5 4
 1111100010 0.3333333333333333 4
 11111000100 1!
 11111000101 0!
 1111100011 1!
 11111001 0.0 6
 111110010 0.24725341060002415 0
 1111100100 0.20825787758058675 0
 11111001000 1!
 11111001001 1!
 1111100101 1!
 111110011 0.0 0
 1111100111 0.0 0
 11111001111 1!
 1111101 0.9193548387096774 8
 11111010 0.0 9
 111110100 0.25510080888566944 0
 1111101000 0.4782608695652174 13
 11111010000 1!
 11111010001 0!
 1111101001 0.26089581069660756 0
 11111010010 1!
 11111010011 1!
 111110101 0.18326693227091634 0
 1111101010 0.23333333333333334 4
 11111010100 0!
 11111010101 1!
 1111101011 0.28359290112278157 0
 11111010110 1!
 11111010111 1!
 11111011 0.03333333333333333 5
 111110110 0.23216226005070628 0
 1111101100 0.2291440299408427 0
 11111011000 1!
 11111011001 0!
 1111101101 0.3087045756368466 0
 11111011010 1!
 11111011011 0!
 111110111 0.0 1
 1111101110 0.8333333333333334 5
 11111011100 1!
 11111011101 1!
 1111101111 0.2113968368948449 0
 11111011110 1!
 11111011111 0!
 111111 0.9193548387096774 8
 1111110 0.17481588796329833 0
 11111100 0.1687794277435712 0
 111111000 0.1612942170711095 0
 1111110000 0.9 4
 11111100000 0!
 11111100001 1!
 1111110001 0.30434782608695654 13
 11111100010 1!
 11111100011 0!
 111111001 0.0 3
 1111110010 0.30434782608695654 13
 11111100100 0!
 11111100101 0!
 1111110011 1!
 11111101 0.0 3
 111111010 0.8333333333333334 4
 1111110100 0.0 4
 11111101000 1!
 11111101001 1!
 1111110101 0!
 111111011 0.0 16
 1111110110 0!
 1111110111 0.0 0
 11111101111 1!
 1111111 0.0 9
 11111110 0.16666666666666666 4
 111111100 0.13333333333333333 4
 1111111000 0.16551973922491853 0
 11111110000 1!
 11111110001 1!
 1111111001 0!
 111111101 1!
 11111111 0.0 11
 111111110 0.14064952311964268 0
 1111111100 1!
 1111111101 0.14934202583604975 0
 11111111010 0!
 11111111011 0!
 111111111 0!
